0 0.936688 0.463298 0.125000 0.202418
0 0.762175 0.402128 0.048701 0.102321
0 0.734172 0.358752 0.046266 0.175725
0 0.696023 0.354304 0.049513 0.189072
0 0.632711 0.383221 0.064123 0.149033
0 0.560471 0.379884 0.062500 0.129014
0 0.508117 0.398791 0.047078 0.144584
0 0.508117 0.287573 0.043831 0.086750
0 0.471591 0.364313 0.027597 0.173501
0 0.432224 0.391006 0.041396 0.115667
0 0.388393 0.398791 0.041396 0.153482
0 0.331169 0.297582 0.025974 0.151257
0 0.655438 0.206383 0.039773 0.075629
0 0.454467 0.204159 0.031001 0.084526
0 0.573864 0.285348 0.029221 0.073404
0 0.616477 0.296470 0.057630 0.073404
0 0.279221 0.287573 0.068182 0.131238
0 0.231331 0.359865 0.064935 0.142360
0 0.175731 0.441054 0.059253 0.171277
0 0.115260 0.456625 0.060065 0.149033
0 0.096457 0.624565 0.144212 0.226886
0 0.248377 0.691296 0.082792 0.360348
0 0.308036 0.719101 0.056006 0.380368
0 0.362013 0.714652 0.077922 0.389265
0 0.526786 0.635687 0.047078 0.338104
0 0.677118 0.756608 0.149011 0.478854
0 0.732599 0.755803 0.108056 0.431528
0 0.751078 0.187279 0.036306 0.101566
0 0.598480 0.168624 0.038953 0.041456
0 0.355873 0.141678 0.015884 0.064256
0 0.362302 0.133387 0.041600 0.068402