0 0.470519 0.717660 0.076258 0.439502
0 0.628749 0.322020 0.048379 0.159096
0 0.494043 0.300062 0.048077 0.216271
0 0.143505 0.313900 0.067126 0.142523
0 0.207755 0.308928 0.042643 0.152467
0 0.282142 0.289041 0.089199 0.193898
0 0.331459 0.325583 0.062288 0.178154
0 0.583968 0.053546 0.039611 0.079548
0 0.686774 0.083377 0.048682 0.044746
0 0.530751 0.070533 0.046263 0.033974
0 0.451515 0.075991 0.040850 0.041575
0 0.393324 0.074765 0.031447 0.039454
0 0.022743 0.253946 0.045485 0.073866
0 0.024708 0.529404 0.049416 0.144654
0 0.945165 0.640576 0.109670 0.206825
0 0.249607 0.322425 0.040993 0.106182
0 0.313398 0.077129 0.025270 0.035394
0 0.035466 0.204207 0.044822 0.084669
0 0.104770 0.118082 0.049628 0.086417
0 0.728464 0.094018 0.022773 0.047384
0 0.368361 0.073966 0.019908 0.040163
0 0.251890 0.086353 0.026025 0.037161
0 0.222784 0.093109 0.034106 0.043917
0 0.224770 0.127267 0.028490 0.076198
0 0.203265 0.132146 0.020272 0.075447